0 25
0 26
0 150
0 281
0 285
0 284
0 117
0 211
0 174
0 442
0 196
0 382
0 380
0 219
0 383
0 384
0 389
0 386
0 402
0 401
0 444
0 162
0 390
0 52
0 373
0 418
0 156
0 421
1 60
1 22
1 59
1 163
1 171
1 177
1 205
1 23
1 55
1 312
1 190
1 189
1 255
1 315
1 393
1 193
1 194
1 278
1 311
1 313
1 279
1 314
1 159
1 164
1 316
1 295
1 367
1 366
2 85
2 37
2 45
2 207
2 261
2 260
2 262
2 62
2 63
2 264
2 282
2 265
2 81
2 209
2 9
2 114
2 283
2 405
2 406
2 422
2 224
2 28
2 223
2 256
3 94
3 71
3 95
3 204
3 379
3 385
3 414
3 72
3 212
3 197
3 293
3 378
3 410
3 404
3 398
3 412
3 89
3 213
3 51
3 409
3 179
3 148
3 415
3 170
3 90
3 91
4 108
4 107
4 111
4 124
4 120
4 106
4 125
4 130
4 134
4 129
4 128
4 132
4 110
4 113
4 133
4 42
4 127
4 48
4 396
4 210
5 143
5 87
5 304
5 305
5 144
5 19
5 35
5 325
5 115
5 358
5 344
5 323
5 271
5 345
5 438
5 445
5 357
5 360
5 335
5 333
5 334
5 82
5 116
6 161
6 153
6 157
6 160
6 166
6 175
6 296
6 368
6 317
6 200
6 199
6 238
6 126
6 147
6 432
6 433
6 168
6 419
6 167
6 420
6 372
6 318
6 319
6 155
6 369
6 370
6 146
6 292
6 140
6 259
6 387
6 350
6 351
7 183
7 24
7 181
7 182
7 38
7 46
7 64
7 41
7 253
7 251
7 363
7 96
7 39
7 97
7 215
7 3
7 365
7 362
7 228
7 276
7 98
7 340
7 452
7 65
7 102
7 245
7 142
8 208
8 73
8 76
8 435
8 206
8 434
8 77
8 203
8 202
8 277
8 75
8 288
8 33
8 36
8 43
8 44
8 40
8 14
8 29
8 101
8 364
8 122
8 10
8 188
8 226
8 309
8 453
8 454
8 338
8 306
8 273
8 443
8 307
8 192
8 308
8 252
8 214
8 440
8 217
8 216
8 346
8 439
8 8
8 347
8 447
8 7
8 92
8 180
8 446
9 248
9 457
9 458
9 254
9 298
9 185
9 186
9 236
9 15
9 66
9 100
9 152
9 67
9 16
9 105
9 388
9 99
9 123
10 301
10 18
10 20
10 300
10 356
10 437
10 450
10 88
10 149
10 239
10 269
10 242
10 272
10 240
10 327
10 326
10 342
10 329
10 451
10 331
10 332
10 270
10 297
10 241
10 394
10 395
10 343
10 448
10 436
10 354
10 355
10 352
10 218
10 330
10 353
10 257
10 359
10 187
10 328
10 201
10 449
10 237
11 310
11 21
11 349
11 361
11 165
11 176
11 158
11 407
11 408
11 154
11 145
11 50
11 141
11 139
11 403
11 136
11 151
11 138
11 178
11 112
12 320
12 173
12 195
12 227
12 280
12 324
12 341
12 413
12 198
12 381
12 191
12 391
12 456
12 455
12 377
12 184
12 392
12 169
13 375
13 121
13 135
13 131
13 275
13 417
13 274
13 250
13 376
13 119
13 84
13 249
13 374
13 137
13 289
13 371
13 294
13 104
13 109
13 258
14 399
14 54
14 83
14 229
14 321
14 397
14 31
14 13
14 53
14 30
14 32
14 47
14 322
14 86
14 220
14 400
14 234
14 230
14 231
14 49
14 424
14 423
14 416
14 34
14 221
14 58
14 222
14 225
14 11
14 348
14 246
14 4
14 244
14 425
14 247
14 118
14 336
14 337
14 1
14 5
14 12
14 56
14 2
14 57
14 232
14 233
14 6
15 427
15 61
15 426
15 428
15 429
15 78
15 286
15 79
15 74
15 80
15 430
15 267
15 27
15 70
15 431
15 287
15 302
15 303
15 17
15 268
15 103
15 290
15 291
15 243
15 93
15 68
15 69
15 263
15 266
15 441