0 23
0 60
0 205
0 278
0 311
0 193
0 194
0 22
0 55
0 312
0 313
0 90
0 91
0 89
0 213
1 25
1 26
1 150
1 281
1 285
1 284
1 117
1 211
1 174
1 442
1 196
1 195
1 382
1 380
1 219
1 383
1 384
1 389
1 386
1 402
1 149
1 401
1 444
1 320
1 390
1 20
1 18
1 450
2 38
2 24
2 34
2 39
2 96
2 363
2 97
2 64
2 234
2 246
2 362
2 364
2 365
2 75
2 400
2 397
2 4
2 245
2 276
2 228
2 244
2 226
2 122
2 288
2 101
2 425
2 65
2 118
2 98
2 247
2 338
2 340
2 452
2 454
2 102
2 309
2 453
2 306
2 273
2 443
2 307
2 192
2 308
2 252
2 214
2 19
2 440
2 217
2 216
2 346
2 439
2 142
2 333
3 85
3 37
3 45
3 207
3 261
3 260
3 262
3 62
3 63
3 264
3 282
3 206
3 9
3 188
3 114
3 422
3 406
3 93
3 405
3 283
3 446
4 95
4 71
4 94
4 379
4 385
4 72
4 204
4 212
4 197
4 293
4 378
4 410
4 238
4 198
4 413
4 414
4 404
4 51
4 409
4 341
4 412
4 88
4 381
4 329
4 331
4 332
4 330
4 257
4 449
5 107
5 106
5 120
5 134
5 255
5 189
5 42
5 127
5 129
5 130
5 124
5 108
5 59
5 151
5 190
5 125
5 111
5 128
5 133
5 110
5 113
6 182
6 30
6 83
6 183
6 181
6 46
6 41
6 251
6 253
6 31
6 32
6 13
6 54
6 225
6 202
6 321
6 399
6 203
6 215
6 3
6 36
6 44
6 43
6 40
6 53
6 229
6 47
6 221
6 222
6 11
6 14
6 33
6 277
6 435
6 434
6 322
6 86
6 220
6 58
6 348
6 10
6 29
6 416
6 423
6 424
6 49
6 231
6 230
6 1
6 12
6 56
6 57
6 92
6 347
6 8
6 2
6 5
6 337
6 336
6 232
6 233
6 7
6 447
6 180
6 6
7 184
7 169
7 170
7 391
7 191
7 377
7 421
7 167
7 319
7 318
7 175
7 317
7 392
7 415
7 148
7 227
7 173
7 456
7 455
7 280
7 398
7 179
7 156
7 168
7 324
8 248
8 457
8 458
8 254
8 298
8 185
8 186
8 236
8 100
8 105
8 388
8 396
8 48
9 250
9 84
9 119
9 249
9 274
9 374
9 375
9 376
9 121
9 104
9 99
9 294
9 243
9 289
9 275
9 131
9 135
9 417
9 137
9 371
9 147
9 420
9 372
10 266
10 28
10 223
10 291
10 224
10 256
10 152
10 123
10 67
10 16
10 263
10 268
10 68
10 267
10 290
10 81
10 265
10 15
10 66
10 103
10 287
10 441
10 17
10 69
11 297
11 241
11 242
11 326
11 355
11 436
11 448
11 394
11 395
11 334
11 82
11 437
11 300
11 327
11 342
11 343
11 354
11 356
11 301
11 240
11 359
11 201
11 352
11 353
11 451
11 218
11 328
11 187
11 237
12 310
12 21
12 349
12 361
12 165
12 176
12 158
12 407
12 408
12 154
12 163
12 171
12 177
12 178
12 145
12 50
12 141
12 139
12 403
12 136
12 138
12 132
12 112
13 344
13 144
13 305
13 323
13 271
13 325
13 272
13 345
13 357
13 438
13 445
13 360
13 116
13 35
13 143
13 87
13 304
13 115
13 269
13 270
13 239
13 335
13 358
14 387
14 259
14 367
14 295
14 314
14 279
14 366
14 292
14 146
14 140
14 258
14 351
14 350
14 159
14 315
14 109
14 210
14 393
14 316
14 155
14 164
14 199
14 369
14 370
14 296
14 368
14 126
14 161
14 160
14 153
14 200
14 157
14 166
14 432
14 433
15 426
15 61
15 78
15 73
15 76
15 208
15 74
15 79
15 286
15 427
15 429
15 428
15 80
15 77
15 209
15 70
15 430
15 27
15 431
15 302
15 303
15 52
15 418
15 162
15 419
15 373