0 10
0 8
0 347
0 348
0 92
0 11
0 14
0 29
0 188
0 260
1 17
1 69
1 93
1 290
1 406
2 25
2 26
2 150
2 285
2 384
2 383
2 389
2 390
3 35
3 87
3 325
3 117
3 149
3 239
3 270
3 271
3 284
3 211
3 444
4 50
4 133
4 408
5 60
5 22
5 163
5 171
5 177
5 178
6 61
6 78
6 426
6 427
6 428
6 429
6 80
6 79
7 63
7 62
8 64
8 38
8 181
8 46
8 363
8 365
8 75
8 364
8 288
8 101
8 122
8 77
9 82
9 116
9 357
9 345
10 85
10 37
10 45
10 207
10 261
10 262
10 206
10 209
10 283
10 405
11 91
11 89
11 90
11 313
11 55
11 212
11 72
11 213
11 312
11 197
11 385
11 293
12 94
12 71
12 95
12 378
13 96
13 39
13 97
13 246
13 34
13 4
14 107
14 106
14 108
14 42
14 127
15 112
16 125
16 111
16 128
16 132
16 110
16 113
17 126
17 137
17 147
17 153
17 289
17 368
17 160
17 296
17 157
17 166
18 134
18 59
18 151
18 255
18 190
18 189
18 129
19 135
19 121
19 371
19 420
19 376
19 372
19 432
20 141
20 130
20 154
20 120
20 124
21 143
21 144
21 305
21 304
21 344
21 323
21 360
21 438
22 146
22 140
22 259
22 119
22 292
22 369
22 387
22 367
22 314
23 176
23 165
23 361
23 349
23 310
23 158
23 21
24 182
24 30
24 83
24 183
24 251
24 253
24 41
24 32
24 225
24 24
24 222
25 184
25 169
25 170
25 391
25 319
25 167
25 392
26 186
26 103
26 243
26 263
26 185
26 248
26 16
26 457
26 236
26 254
26 458
26 298
27 198
27 379
27 381
27 413
28 199
28 155
28 164
28 315
28 159
28 238
28 200
28 161
28 317
28 370
28 318
29 205
30 208
30 73
30 76
30 74
30 70
31 215
31 3
31 44
31 203
31 36
31 43
31 40
31 202
31 33
31 435
31 434
31 277
32 233
32 2
32 56
32 12
32 232
32 1
32 5
32 6
33 258
33 109
33 350
33 351
33 366
33 104
33 388
33 105
33 100
34 264
34 81
34 265
34 282
34 114
34 68
34 422
34 66
35 266
35 28
35 223
35 291
35 224
35 256
35 152
35 123
35 67
35 15
36 275
36 131
36 375
36 417
37 278
37 23
37 311
37 194
37 193
38 297
38 241
38 242
38 326
38 355
38 436
38 448
38 394
38 395
38 437
38 327
38 342
38 343
38 201
38 237
39 300
39 20
39 269
39 272
39 88
39 450
39 329
39 332
40 302
40 52
40 162
40 303
40 373
41 306
41 273
41 307
41 308
41 309
41 443
41 453
41 252
41 192
41 174
41 442
41 214
41 19
41 440
41 217
41 216
41 439
42 316
42 279
42 393
42 396
42 210
42 48
42 295
43 356
43 18
43 301
43 240
43 352
43 451
43 218
44 359
44 187
44 257
44 353
44 330
44 354
44 449
44 331
44 328
45 374
45 249
45 250
45 274
45 84
45 294
45 99
46 399
46 54
46 229
46 397
46 53
46 13
46 47
46 31
46 322
46 86
46 220
46 400
46 234
46 321
46 221
46 423
46 424
46 49
46 336
47 402
47 219
47 281
47 386
47 401
48 403
48 136
48 139
48 407
48 145
48 138
49 404
49 51
49 179
49 398
49 409
49 410
49 148
49 415
49 204
49 414
49 412
50 421
50 156
50 419
50 168
50 433
50 175
51 425
51 230
51 247
51 244
51 118
51 231
52 430
52 27
52 267
52 286
52 287
52 431
52 268
52 418
52 441
53 456
53 173
53 191
53 455
53 377
53 227
53 320
53 195
53 196
53 280
53 324
53 341
53 380
53 382
54 445
54 115
54 335
54 334
54 333
54 346
54 358
55 446
55 9
55 447
55 180
55 7
55 57
55 58
55 416
55 337
56 452
56 228
56 338
56 340
56 454
56 226
56 98
56 276
56 362
56 102
56 65
56 245
56 142